   1  48   1   0  0.1801802E+02  0.8000000E+03
  CAR 
 Si                                      
   0   0   0
   1  10
 256 256 256
 256
  0.1000000E-09
  0.6250000E-11
   2
  0.3000000E-14  0.1069435E-08  0.1069435E-08  0.1069435E-08
  0.9815038E+03  0.9807642E+03
  0.000
  0.000
  0.000
  0.000
  0.000
  0.000
  0.000
  0.000
  0.000
  0.000
  0.000
  0.000
  0.000
  0.000
  0.000
  0.000
  0.000
  0.000
  0.000
  0.000
  0.000
  0.000
  0.000
  0.000
  0.000
  0.000
  0.000
  0.000
  0.000
  0.000
  0.000
  0.000
  0.000
  0.000
  0.206
  0.582
  1.469
  3.132
  2.806
  2.196
  3.133
  1.989
  0.813
  0.905
  0.618
  1.064
  1.245
  0.651
  1.040
  0.799
  0.672
  0.830
  0.710
  0.598
  0.989
  0.636
  1.150
  1.036
  0.930
  1.037
  1.404
  1.100
  1.002
  1.578
  1.118
  1.027
  1.051
  0.698
  0.939
  1.013
  0.640
  1.340
  0.838
  0.634
  0.794
  1.245
  1.004
  0.978
  1.152
  0.813
  0.944
  0.847
  1.079
  0.983
  0.960
  0.803
  0.981
  1.119
  0.969
  0.855
  1.135
  1.140
  1.087
  1.036
  1.206
  0.885
  1.077
  1.416
  0.958
  1.236
  0.993
  0.950
  0.908
  0.800
  0.941
  0.967
  0.841
  0.932
  1.039
  0.735
  0.882
  0.925
  1.121
  0.855
  0.933
  1.101
  1.010
  1.099
  1.063
  0.908
  0.910
  1.011
  1.158
  0.915
  1.074
  0.948
  1.132
  1.114
  1.156
  0.832
  1.279
  0.863
  1.018
  1.181
  1.001
  1.146
  0.932
  0.919
  1.033
  1.044
  0.942
  0.929
  1.024
  0.903
  0.879
  0.983
  0.958
  1.024
  0.965
  0.821
  0.962
  1.024
  1.021
  1.142
  0.984
  1.063
  0.859
  0.908
  0.867
  1.048
  1.007
  0.995
  1.001
  0.998
  0.922
  0.822
  0.856
  0.942
  0.698
  0.792
  0.926
  0.957
  1.020
  0.862
  0.932
  0.779
  0.966
  1.025
  0.883
  1.116
  0.864
  0.936
  1.014
  0.872
  0.891
  0.860
  0.893
  1.023
  0.916
  1.049
  1.038
  0.988
  0.997
  0.948
  0.977
  0.980
  1.084
  1.016
  0.969
  1.082
  0.968
  1.043
  1.122
  1.105
  1.053
  0.916
  0.970
  1.057
  0.940
  1.087
  0.812
  0.996
  1.122
  0.907
  0.936
  0.970
  1.002
  1.060
  1.097
  1.128
  0.921
  0.903
  0.895
  0.975
  1.049
  0.977
  0.897
  0.969
  0.975
  1.110
  0.990
  0.950
  0.964
  0.902
  1.023
  0.984
  1.011
  1.046
  1.011
  1.015
  1.020
  0.973
  0.841
  1.003
  0.917
  1.035
  0.979
  0.995
  0.963
  0.892
  0.936
  1.041
  0.979
  0.941
  1.043
  0.945
  0.1075909E+04  0.1078527E+04
  0.000
  0.000
  0.000
  0.000
  0.000
  0.000
  0.000
  0.000
  0.000
  0.000
  0.000
  0.000
  0.000
  0.000
  0.000
  0.000
  0.000
  0.000
  0.000
  0.000
  0.000
  0.000
  0.000
  0.000
  0.000
  0.000
  0.000
  0.000
  0.000
  0.000
  0.000
  0.000
  0.000
  0.000
  0.411
  1.165
  1.286
  2.958
  2.806
  2.352
  1.641
  1.989
  1.626
  1.164
  0.865
  0.473
  1.019
  1.193
  0.728
  0.799
  0.960
  0.830
  0.621
  0.598
  0.906
  0.715
  0.843
  1.406
  1.001
  0.968
  1.270
  1.100
  0.814
  1.214
  1.176
  0.913
  1.383
  1.182
  0.991
  1.165
  0.985
  0.670
  0.838
  0.997
  0.705
  0.987
  0.878
  0.937
  1.112
  0.929
  0.831
  1.142
  0.827
  1.334
  0.857
  1.038
  0.818
  0.927
  0.906
  1.069
  0.837
  1.140
  1.115
  1.456
  1.123
  0.939
  1.182
  0.747
  1.059
  0.989
  1.163
  1.235
  0.932
  0.868
  0.762
  0.857
  0.755
  0.974
  0.831
  0.939
  1.062
  1.102
  1.005
  0.931
  1.045
  0.899
  1.064
  0.993
  0.871
  1.234
  1.079
  0.779
  1.337
  0.786
  0.916
  1.072
  1.132
  0.933
  0.934
  1.065
  1.020
  1.047
  1.213
  1.057
  1.123
  1.026
  0.919
  1.243
  0.944
  0.893
  1.116
  0.966
  0.952
  0.772
  0.949
  0.948
  0.969
  0.945
  1.021
  0.996
  1.102
  0.938
  0.989
  0.924
  0.953
  0.941
  1.019
  0.858
  1.042
  1.068
  0.883
  0.769
  0.954
  0.879
  0.778
  0.831
  1.068
  0.907
  1.120
  0.954
  0.817
  0.899
  0.921
  1.024
  0.988
  0.826
  0.880
  0.746
  1.037
  1.003
  0.969
  0.981
  0.970
  0.967
  1.085
  0.882
  0.865
  0.961
  0.826
  0.763
  0.991
  1.068
  0.885
  1.163
  0.931
  1.108
  0.868
  1.123
  1.105
  1.014
  0.998
  1.037
  0.901
  1.070
  1.053
  1.049
  1.142
  0.955
  1.024
  0.948
  0.950
  1.045
  1.013
  0.907
  0.878
  1.006
  0.971
  0.941
  1.071
  0.884
  1.097
  1.003
  1.043
  0.911
  0.966
  0.953
  1.107
  1.054
  1.059
  0.943
  1.041
  0.913
  0.896
  1.109
  1.077
  0.834
  0.993
  0.924
  1.097
  0.951
  1.037
  0.952
  0.953
  1.032
  0.921
  0.918
  0.886
  0.943
  1.042
  0.873
  0.987
  0.944
  0.971
  1.009
  0.971
  1.080
